# legend:
#   type:
#     1: 通過第一切點
#     2: 通過第二切點
#     3: 通過一圓周
#     註：暫時基數在角線上時，我們只看對角一個點，再來就是一圓周
#   result:
#     b: 後來被突破/跌破
#     r: 走勢反轉

# start  end    type    result
12682    10887
10887    12065
12065    4450
4450     5825
5825     2485
2485     5267
5267     3142
3142     6365
6365     4250
4250     4925
4925     4032
4032     5459
5459     4253
4253     4772
4772     3306
3306     3797
3797     3098
3098     5091
5091     3740
3740     6719
6719     5649
5649     6424
6424     5125
5125     7228
7228     5916
5916     7180
7180     4474
4474     5265
5265     4530
4530     5209
5209     4672
4672     6237
6237     5695
5695     6624
6624     5943
5943     8758
8758     7893
7893     10256
10256    7040
7040     8137
8137     7400
7400     8532
8532     7375
7375     9378
9378     8630
8630     9337
9337     7073
7073     8116
8116     6219
6219     7218
7218     6384
6384     7249
7249     6643
6643     7488
7488     5988
5988     6577
6577     5422
5422     7706
7706     7209
7209     8710
8710     6771
6771     8414
8414     7415
7415     7959
7959     7261
7261     10393
10393    8250
8250     10328
10328    8281
8281     9209
9209     5074
5074     6164
6164     4555
4555     6198
6198     5471
5471     5981
5981     3411
3411     6049
6049     5492
5492     6484
6484     4808
4808     5460
5460     3845
3845     4867
4867     4413
4413     5141
5141     4044
4044     6182
6182     5718
5718     7135
7135     6020
6020     6916
6916     5255
5255     6267
6267     5565
5565     6481
6481     5618
5618     6797
6797     6344
6344     7476
7476     6268
6268     6789
6789     6232
6232     7999
7999     7306
7306     9807
9807     7987
7987     9783
9783     9275
9275     9859
9859     7664
7664     8546
8546     7384
7384     9309
