# legend:
#   cut: 切線對應
#   big: 大數對應
#   aid: 同為輔線

# Summary:
#   - Number
#         aid: 
#         big: 
#         cut: 
#        none: 
#       total: 
#
#   - Percent:
#         big: 
#         cut: 
#     big+cut: 
#
#   - Offset (average):
#     big: 
#     cut: 

# current-2  current-1  current  type    offset  note
12682        10887      12065
10887        12065      4450
12065        4450       5825
4450         5825       2485
5825         2485       5267
2485         5267       3142
5267         3142       6365
3142         6365       4250
6365         4250       4925
4250         4925       4032
4925         4032       5459
4032         5459       4253
5459         4253       4772
4253         4772       3306
4772         3306       3797
3306         3797       3098
3797         3098       5091
3098         5091       3740
5091         3740       6719
3740         6719       5649
6719         5649       6424
5649         6424       5125
6424         5125       7228
5125         7228       5916
7228         5916       7180
5916         7180       4474
7180         4474       5265
4474         5265       4530
5265         4530       5209
4530         5209       4672
5209         4672       6237
4672         6237       5695
6237         5695       6624
5695         6624       5943
6624         5943       8758
5943         8758       7893
8758         7893       10256
7893         10256      7040
10256        7040       8137
7040         8137       7400
8137         7400       8532
7400         8532       7375
8532         7375       9378
7375         9378       8630
9378         8630       9337
8630         9337       7073
9337         7073       8116
7073         8116       6219
8116         6219       7218
6219         7218       6384
7218         6384       7249
6384         7249       6643
7249         6643       7488
6643         7488       5988
7488         5988       6577
5988         6577       5422
6577         5422       7706
5422         7706       7209
7706         7209       8710
7209         8710       6771
8710         6771       8414
6771         8414       7415
8414         7415       7959
7415         7959       7261
7959         7261       10393
7261         10393      8250
10393        8250       10328
8250         10328      8281
10328        8281       9209
8281         9209       5074
9209         5074       6164
5074         6164       4555
6164         4555       6198
4555         6198       5471
6198         5471       5981
5471         5981       3411
5981         3411       6049
3411         6049       5492
6049         5492       6484
5492         6484       4808
6484         4808       5460
4808         5460       3845
5460         3845       4867
3845         4867       4413
4867         4413       5141
4413         5141       4044
5141         4044       6182
4044         6182       5718
6182         5718       7135
5718         7135       6020
7135         6020       6916
6020         6916       5255
6916         5255       6267
5255         6267       5565
6267         5565       6481
5565         6481       5618
6481         5618       6797
5618         6797       6344
6797         6344       7476
6344         7476       6268
7476         6268       6789
6268         6789       6232
6789         6232       7999
6232         7999       7306
7999         7306       9807
7306         9807       7987
9807         7987       9783
7987         9783       9275
9783         9275       9859
9275         9859       7664
9859         7664       8546
7664         8546       7384
8546         7384       9309
