# 結果:
#  total: 
#  可以找出有對應關係的比例:
#    o / total = x / y = %

# RESULT notation:
#  o: 有對應
#  x: 無對應
#  -: 似有對應
# TYPE notation:
#  o: opposite
#  c: cut-line
#  r: round

# header
START, END, DIFF, RESULT, TYPE

# data
11550  12321  771, o, c
10995  11720  725, -, ~o
11720  10887  833, x,
9405   10011  606, o, o
8252   9062   810, x,
9062   8125   937, x,
8125   8689   564, o, c
5758   6606   848, x,
4450   5286   836, o, r
5286   4522   764, x,
3788   4391   603, o, c
3021   3812   791, -, ~r
3575   3016   559, x,
3773   4533   760, o, r
5255   4446   809, o, c
4446   5005   559, x,
5715   5202   513, o, o
6365   5681   684, o, c
5681   6240   559, x,
6240   5556   684, o, c
5556   6137   581, x,
4781   5282   501, x,
5282   4775   507, x,
5247   4335   912, o, r
4250   4782   532, o, o
4925   4032   893, o, r
5459   4766   693, x,
5173   4382   791, x,
4772   3925   847, o, r
4167   3629   538, x,
3986   3306   680, x,
3797   3098   699
4395   5091   696
5091   4386   705
4736   4171   565
4422   3891   531
3785   4376   591
5649   6179   530
5756   6424   668
5808   5125   683
5125   5976   851
6539   7085   546
5916   6904   988
6904   6153   751
6241   7180   939
6167   6696   529
5745   5199   546
5668   4926   742
5335   4474   861
4584   5221   637
5265   4530   735
4530   5209   679
6229   5695   534
5798   6624   826
6624   5943   681
5988   6680   692
6357   7002   645
6769   7391   622
8599   7830   769
7830   8758   928
8758   8251   507
8750   8116   634
8479   7893   586
9889   9345   544
9345   10167  822
10167  9501   666
9501   10256  755
7274   7901   627
7901   7040   861
8137   7418   719
7907   7400   507
8521   7925   596
8243   7375   868
9378   8630   748
8630   9165   535
8728   9337   609
7073   7898   825
7517   8079   562
6219   7017   798
6682   7218   536
7218   6384   834
6384   7064   680
7249   6643   606
6643   7488   845
7375   6460   915
6782   5988   794
5988   6492   504
6828   7706   878
7068   7830   762
8414   7891   523
8250   7415   835
7415   7959   544
7874   7261   613
7261   8152   891
8152   7558   594
7558   8087   529
10393  9407   986
8250   8799   549
8780   9477   697
8281   9167   886
9167   8386   781
8386   9209   823
7988   8643   655
8643   7670   973
7670   8305   635
8305   7381   924
5904   6425   521
5074   6035   961
6035   5381   654
5381   6164   783
4760   5526   766
5526   4555   971
4555   5531   976
5254   6103   849
5653   6198   545
6198   5471   727
5981   5345   636
5683   4902   781
4008   4715   707
3411   4104   693
3872   4722   850
5651   5090   561
5090   5926   836
5926   5375   551
5375   6049   674
6048   5492   556
5492   6212   720
6484   5525   959
5933   5421   512
5625   4808   817
4808   5417   609
5460   4506   954
4506   5030   524
5030   4303   727
4576   3845   731
3845   4682   837
4413   5082   669
5141   4462   679
4677   4044   633
4856   5416   560
5174   5809   635
5560   6182   622
5718   6421   703
6210   7135   925
7135   6564   571
6833   6020   813
6020   6916   896
5450   6137   687
6137   5630   507
5804   5255   549
5255   6135   880
6135   5597   538
5734   6267   533
6267   5565   702
5565   6401   836
6481   5976   505
6171   5618   553
6789   6232   557
6232   6761   529
7369   7999   630
7950   7306   644
7306   8108   802
7987   8849   862
9275   9859   584
9859   9129   730
8207   8804   597
7664   8532   868
8532   7818   714
7818   8546   728
8658   7900   758
9049   8419   630
8419   9194   775
8754   9309   555
