# legend:
#   cut: 切線對應
#   big: 大數對應
#   aid: 同為輔線

# current-2  current-1  current  type    offset  note
12682        2485       6365
2485         6365       4032
6365         4032       5459
4032         5459       3098
5459         3098       5091
3098         5091       3740
5091         3740       6719
3740         6719       5125
6719         5125       7228
5125         7228       4474
7228         4474       10256
4474         10256      7040
10256        7040       9378
7040         9378       6219
9378         6219       7488
6219         7488       5422
7488         5422       8710
5422         8710       6771
8710         6771       10393
6771         10393      8250
10393        8250       10328
8250         10328      4555
10328        4555       6198
4555         6198       3411
6198         3411       6484
3411         6484       3845
6484         3845       5141
3845         5141       4044
5141         4044       7135
4044         7135       5255
7135         5255       7476
5255         7476       6232
7476         6232       9807
6232         9807       7987
9807         7987       9859
7987         9859       7384
9859         7384       9309
7384         9309       3955
